0 -0.00476335 1.20165 -0.00952671 2.4033
1 -0.364475 0.606766 -0.72895 1.21353
2 -0.0786403 0.709092 -0.157281 1.41818
3 -0.09191 1.05552 -0.18382 2.11105
4 0.523733 1.20072 1.04747 2.40145
5 0.280737 0.851853 0.561474 1.70371
6 0.180402 0.959717 0.360803 1.91943
7 0.912381 1.28798 1.82476 2.57596
8 -0.716806 1.02061 -1.43361 2.04123
9 0.191422 1.06905 0.382843 2.1381
10 0.0528153 1.24803 0.105631 2.49606
11 0.319195 1.21693 0.63839 2.43386
12 0.345745 0.908278 0.691489 1.81656
13 0.0408941 0.541495 0.0817883 1.08299
14 0.150199 1.52049 0.300397 3.04098
15 0.107563 0.553396 0.215127 1.10679
16 0.140552 0.802858 0.281104 1.60572
17 -0.203137 1.03127 -0.406274 2.06254
18 0.147099 1.16843 0.294199 2.33686
19 0.138925 0.852347 0.277849 1.70469
20 -0.245613 0.845464 -0.491226 1.69093
21 0.447228 0.721093 0.894455 1.44219
22 -0.608797 1.34038 -1.21759 2.68076
23 0.100072 0.384788 0.200143 0.769576
24 -0.56074 1.1671 -1.12148 2.3342
25 0.243327 1.42499 0.486653 2.84998
26 -0.203755 0.640737 -0.407509 1.28147
27 0.0580684 0.845967 0.116137 1.69193
28 0.692437 0.821424 1.38487 1.64285
29 -0.176322 0.691004 -0.352645 1.38201
30 0.217339 0.855902 0.434678 1.7118
31 0.3378 1.19537 0.6756 2.39075
32 -0.503358 1.08484 -1.00672 2.16967
33 -0.177408 0.613468 -0.354817 1.22694
34 -0.394118 1.07601 -0.788236 2.15202
35 0.350633 1.32536 0.701267 2.65073
36 0.509804 0.652043 1.01961 1.30409
37 0.0972489 0.877251 0.194498 1.7545
38 0.0978741 0.742632 0.195748 1.48526
39 -0.112682 1.69774 -0.225365 3.39548
40 -0.305879 0.867884 -0.611759 1.73577
41 0.403443 0.780223 0.806886 1.56045
42 0.0219266 0.551988 0.0438532 1.10398
43 0.204617 0.655283 0.409235 1.31057
44 -0.255741 0.845069 -0.511481 1.69014
45 0.50574 1.10675 1.01148 2.2135
46 -0.175641 1.52451 -0.351283 3.04901
47 -0.111536 1.0341 -0.223072 2.06821
48 -0.0754865 0.545809 -0.150973 1.09162
49 0.191933 0.880557 0.383865 1.76111
50 0.178311 1.07786 0.356622 2.15572
51 -0.268498 0.617781 -0.536995 1.23556
52 0.0199044 0.77008 0.0398088 1.54016
53 0.356569 1.18812 0.713138 2.37625
54 0.563 1.08362 1.126 2.16724
55 -0.264576 0.936228 -0.529152 1.87246
56 0.158573 0.957691 0.317146 1.91538
57 0.0169625 0.485147 0.033925 0.970294
58 0.382631 1.15102 0.765263 2.30204
59 -0.549449 0.647618 -1.0989 1.29524
60 -0.534575 1.24991 -1.06915 2.49982
61 0.306737 0.774425 0.613474 1.54885
62 -0.165625 0.906708 -0.331249 1.81342
63 0.0725504 1.21881 0.145101 2.43763
64 -0.0103495 0.792845 -0.0206991 1.58569
65 0.182282 0.924878 0.364564 1.84976
66 -0.495642 1.34538 -0.991283 2.69077
67 -0.0113024 1.11013 -0.0226049 2.22026
68 -0.40055 1.00917 -0.8011 2.01834
69 -0.0421594 0.807687 -0.0843189 1.61537
70 -0.155042 1.03612 -0.310084 2.07225
71 -0.421907 1.09649 -0.843813 2.19299
72 0.0243579 1.31659 0.0487157 2.63318
73 0.218965 1.18124 0.437931 2.36248
74 -0.332089 0.787288 -0.664179 1.57458
75 0.0957244 0.815773 0.191449 1.63155
76 -0.0497385 0.956269 -0.099477 1.91254
77 0.379869 0.725337 0.759737 1.45067
78 0.0611378 0.744595 0.122276 1.48919
79 0.000471445 1.12027 0.00094289 2.24053
80 -0.131215 0.890551 -0.26243 1.7811
81 0.556951 0.706092 1.1139 1.41218
82 0.215062 1.05756 0.430125 2.11511
83 -0.0727342 0.795877 -0.145468 1.59175
84 -0.348328 0.747812 -0.696657 1.49562
85 0.086028 0.834656 0.172056 1.66931
86 -0.236766 1.13548 -0.473532 2.27096
87 -0.106728 0.705055 -0.213456 1.41011
88 -0.271626 0.903265 -0.543252 1.80653
89 0.434951 0.586603 0.869901 1.17321
90 -0.820832 0.756755 -1.64166 1.51351
91 0.0168706 1.10764 0.0337412 2.21529
92 0.0354131 0.86519 0.0708263 1.73038
93 0.0857389 1.07676 0.171478 2.15353
94 0.515661 0.966783 1.03132 1.93357
95 0.197415 0.871234 0.394829 1.74247
96 -0.435775 1.02514 -0.87155 2.05027
97 -0.342599 0.920302 -0.685198 1.8406
98 0.178594 1.03306 0.357188 2.06613
99 0.202459 0.675936 0.404917 1.35187
100 -0.173616 0.684548 -0.347233 1.3691
101 0.44621 0.791977 0.89242 1.58395
102 -0.22082 0.78695 -0.441641 1.5739
103 -0.370748 1.20622 -0.741496 2.41244
104 -0.34015 0.667947 -0.6803 1.33589
105 0.0855559 0.917325 0.171112 1.83465
106 0.393707 0.931206 0.787415 1.86241
107 0.176583 0.55086 0.353166 1.10172
108 0.0457959 1.09273 0.0915917 2.18546
109 0.644812 1.01573 1.28962 2.03147
110 0.546496 0.892274 1.09299 1.78455
111 0.631809 1.02136 1.26362 2.04273
112 0.160723 0.692946 0.321447 1.38589
113 -0.123211 0.975966 -0.246421 1.95193
114 -0.0837476 0.824011 -0.167495 1.64802
115 0.474403 0.706814 0.948806 1.41363
116 0.302162 1.07541 0.604324 2.15082
117 -0.0509585 0.980758 -0.101917 1.96152
118 0.319125 0.792088 0.63825 1.58418
119 0.147 1.00823 0.294 2.01646
120 0.13665 1.21881 0.273299 2.43762
121 0.474925 0.882069 0.949851 1.76414
122 -0.00111053 0.603999 -0.00222106 1.208
123 -0.373021 0.647257 -0.746042 1.29451
124 0.275694 0.745328 0.551387 1.49066
125 0.103395 0.636656 0.206789 1.27331
126 0.108926 1.3426 0.217852 2.6852
127 -0.0665139 1.31676 -0.133028 2.63353
128 0.461622 1.02561 0.923244 2.05121
129 0.347138 0.946827 0.694277 1.89365
130 -0.212416 0.921394 -0.424832 1.84279
131 0.0394542 0.453363 0.0789083 0.906725
132 0.583628 0.712402 1.16726 1.4248
133 0.10665 0.786129 0.2133 1.57226
134 0.475282 0.911358 0.950563 1.82272
135 -0.0521388 0.888683 -0.104278 1.77737
136 -0.173809 1.31341 -0.347617 2.62682
137 -0.119368 1.02682 -0.238736 2.05365
138 0.864717 0.975476 1.72943 1.95095
139 -0.167033 0.926067 -0.334065 1.85213
140 -0.0114612 0.833586 -0.0229224 1.66717
141 0.124087 1.14498 0.248174 2.28995
142 0.627016 1.04095 1.25403 2.08189
143 0.241264 0.497928 0.482527 0.995857
144 -0.0894327 0.945194 -0.178865 1.89039
145 0.0338817 0.984937 0.0677634 1.96987
146 0.311517 0.768082 0.623034 1.53616
147 -0.263591 0.968538 -0.527182 1.93708
148 -0.197031 0.970755 -0.394062 1.94151
149 -0.0307582 1.67799 -0.0615164 3.35599
150 0.385327 0.78919 0.770654 1.57838
151 0.0555348 0.590538 0.11107 1.18108
152 0.458055 0.746062 0.91611 1.49212
153 -0.0453064 0.778746 -0.0906128 1.55749
154 -0.135976 1.07035 -0.271952 2.14071
155 -0.148076 1.02304 -0.296152 2.04607
156 -0.108905 0.913596 -0.217811 1.82719
157 -0.492608 1.05558 -0.985216 2.11115
158 0.769588 0.85343 1.53918 1.70686
159 -0.23586 0.877774 -0.471721 1.75555
160 -0.371299 1.00748 -0.742597 2.01496
161 0.906353 0.993074 1.81271 1.98615
162 -0.130023 0.996059 -0.260045 1.99212
163 0.27703 1.18378 0.55406 2.36757
164 0.314901 0.784172 0.629801 1.56834
165 -0.295999 1.17885 -0.591999 2.35771
166 0.0978774 0.825467 0.195755 1.65093
167 0.211088 1.1239 0.422175 2.24779
168 -0.294323 0.698705 -0.588646 1.39741
169 0.167499 0.704968 0.334998 1.40994
170 0.244566 1.22351 0.489132 2.44703
171 -0.17906 1.33896 -0.358121 2.67793
172 -0.47127 1.03056 -0.942539 2.06112
173 0.346451 1.11453 0.692902 2.22907
174 -0.536987 0.79347 -1.07397 1.58694
175 -0.138957 1.56402 -0.277914 3.12803
176 0.196305 0.957185 0.392611 1.91437
177 0.120859 0.829594 0.241718 1.65919
178 -0.35267 1.05208 -0.70534 2.10416
179 -0.21131 0.848942 -0.422619 1.69788
180 -0.480388 1.03411 -0.960777 2.06822
181 0.623206 1.07814 1.24641 2.15628
182 -0.237877 0.861559 -0.475753 1.72312
183 -0.616884 1.13652 -1.23377 2.27304
184 0.250426 0.370169 0.500852 0.740337
185 0.0990281 1.09516 0.198056 2.19033
186 -0.428375 0.802085 -0.856749 1.60417
187 -0.47064 0.70835 -0.94128 1.4167
188 0.00159542 0.59658 0.00319084 1.19316
189 0.0279948 0.7499 0.0559896 1.4998
190 -0.107922 1.13425 -0.215844 2.26851
191 0.541393 0.847273 1.08279 1.69455
192 -0.607703 0.937681 -1.21541 1.87536
193 -0.670082 0.316604 -1.34016 0.633207
194 -0.0290328 1.30502 -0.0580657 2.61005
195 -0.325892 0.761257 -0.651784 1.52251
196 0.221242 1.202 0.442483 2.404
197 -0.450412 0.665346 -0.900824 1.33069
198 0.290541 1.04963 0.581082 2.09926
199 0.498287 1.34467 0.996573 2.68933
200 -0.0536029 1.21701 -0.107206 2.43402
201 0.506325 1.29014 1.01265 2.58028
202 -0.0421542 1.26283 -0.0843083 2.52566
203 0.36966 1.12482 0.73932 2.24965
204 0.0160351 0.979027 0.0320701 1.95805
205 0.00314393 0.80419 0.00628786 1.60838
206 0.148718 0.615215 0.297436 1.23043
207 -0.320409 0.861718 -0.640817 1.72344
208 -0.39064 1.20994 -0.781281 2.41988
209 0.333417 1.18209 0.666833 2.36419
210 0.122772 0.994954 0.245544 1.98991
211 0.241863 1.14086 0.483725 2.28172
212 0.162025 0.904618 0.32405 1.80924
213 -0.762244 0.997225 -1.52449 1.99445
214 -0.472153 0.674778 -0.944306 1.34956
215 0.212956 0.746633 0.425911 1.49327
216 -0.62024 0.67745 -1.24048 1.3549
217 0.084054 1.00122 0.168108 2.00243
218 -0.107384 0.976611 -0.214769 1.95322
219 0.283687 1.12855 0.567375 2.2571
220 0.208884 0.814835 0.417768 1.62967
221 -0.41111 1.15774 -0.82222 2.31548
222 -0.526363 1.10827 -1.05273 2.21653
223 0.175994 0.672536 0.351987 1.34507
224 -0.0150132 1.35515 -0.0300265 2.7103
225 0.321499 0.846521 0.642998 1.69304
226 -0.269207 1.1911 -0.538414 2.3822
227 -0.286458 1.10471 -0.572917 2.20942
228 -0.330997 0.773353 -0.661994 1.54671
229 0.546849 1.03465 1.0937 2.06931
230 0.00385501 0.72378 0.00771003 1.44756
231 0.139989 1.13444 0.279978 2.26888
232 0.0011199 1.10929 0.0022398 2.21858
233 -0.0318759 0.722377 -0.0637518 1.44475
234 0.0380221 0.824227 0.0760442 1.64845
235 0.276831 0.575997 0.553661 1.15199
236 -0.398912 1.29034 -0.797825 2.58067
237 -0.0111289 0.83122 -0.0222578 1.66244
238 0.620083 1.14459 1.24017 2.28918
239 -0.108324 0.988362 -0.216647 1.97672
240 -0.26605 1.23472 -0.532099 2.46944
241 0.349345 0.844027 0.69869 1.68805
242 0.371688 1.05836 0.743376 2.11671
243 -0.13337 1.39972 -0.266739 2.79945
244 -0.453312 1.30473 -0.906624 2.60947
245 -0.0520708 1.21843 -0.104142 2.43687
246 0.490826 1.03649 0.981652 2.07299
247 0.11991 0.866507 0.23982 1.73301
248 -0.0276717 1.02987 -0.0553435 2.05974
249 0.0619853 0.939149 0.123971 1.8783
250 -0.0422903 1.22593 -0.0845806 2.45186
251 0.836203 1.05346 1.67241 2.10692
252 0.274462 1.25468 0.548923 2.50935
253 -0.0709875 0.871013 -0.141975 1.74203
254 0.433491 1.2215 0.866983 2.44301
255 -0.0446526 0.768135 -0.0893051 1.53627
256 -0.0116595 1.37474 -0.023319 2.74947
257 0.53114 0.745297 1.06228 1.49059
258 0.396946 0.741862 0.793891 1.48372
259 0.156155 0.910648 0.31231 1.8213
260 0.348622 0.957187 0.697244 1.91437
261 -0.13273 0.868404 -0.26546 1.73681
262 0.312673 0.488666 0.625346 0.977333
263 0.0955031 1.21654 0.191006 2.43309
264 0.0285114 1.15644 0.0570228 2.31289
265 0.383596 0.675474 0.767192 1.35095
266 0.108861 1.06658 0.217722 2.13316
267 -0.393052 0.873995 -0.786104 1.74799
268 -0.14592 0.825121 -0.291839 1.65024
269 0.345878 0.846538 0.691756 1.69308
270 0.263024 0.977654 0.526049 1.95531
271 -0.0318791 1.52589 -0.0637582 3.05179
272 -0.302834 1.32487 -0.605667 2.64974
273 0.00273098 1.09348 0.00546196 2.18695
274 -0.0126431 1.09218 -0.0252861 2.18436
275 -0.110931 1.02576 -0.221863 2.05152
276 0.526293 1.40118 1.05259 2.80235
277 -0.0126569 0.763915 -0.0253138 1.52783
278 0.356748 0.719568 0.713497 1.43914
279 -0.0646081 0.936041 -0.129216 1.87208
280 -0.267096 0.971727 -0.534191 1.94345
281 0.351776 1.01403 0.703552 2.02807
282 -0.240092 1.03589 -0.480183 2.07178
283 -0.472436 0.787295 -0.944871 1.57459
284 -0.621888 0.847129 -1.24378 1.69426
285 -0.479077 0.828783 -0.958154 1.65757
286 -0.681444 0.957086 -1.36289 1.91417
287 -0.42935 0.875232 -0.8587 1.75046
288 0.00552375 1.37729 0.0110475 2.75458
289 0.117294 0.801175 0.234589 1.60235
290 0.209552 1.24334 0.419105 2.48668
291 -0.529288 1.06844 -1.05858 2.13688
292 -0.319726 0.788856 -0.639452 1.57771
293 0.471961 0.886375 0.943923 1.77275
294 -0.165761 1.07388 -0.331521 2.14775
295 0.0869562 1.37626 0.173912 2.75252
296 0.263855 0.893882 0.52771 1.78776
297 0.502186 0.8578 1.00437 1.7156
298 -0.272506 0.688636 -0.545013 1.37727
299 0.517863 0.952534 1.03573 1.90507
300 0.598233 0.824882 1.19647 1.64976
301 0.406891 0.821889 0.813783 1.64378
302 -0.127796 1.36617 -0.255592 2.73234
303 0.0957682 1.16123 0.191536 2.32247
304 0.240166 0.81875 0.480332 1.6375
305 -0.259907 1.46094 -0.519815 2.92187
306 -0.129216 1.52751 -0.258431 3.05501
307 -0.0887045 0.862847 -0.177409 1.72569
308 -0.196909 0.850417 -0.393819 1.70083
309 -0.290699 1.22181 -0.581399 2.44361
310 0.0251808 0.898424 0.0503617 1.79685
311 0.380076 1.27739 0.760153 2.55479
312 -0.153827 1.00031 -0.307654 2.00061
313 0.19501 0.53703 0.39002 1.07406
314 0.369911 0.826277 0.739822 1.65255
315 -0.22083 1.29734 -0.44166 2.59468
316 0.147438 1.21938 0.294875 2.43876
317 -0.196767 0.653443 -0.393534 1.30689
318 -0.0488262 0.962438 -0.0976523 1.92488
319 -0.157686 1.20039 -0.315371 2.40077
320 -0.240048 1.19465 -0.480097 2.38931
321 0.40171 0.970302 0.80342 1.9406
322 -0.437325 0.867615 -0.874651 1.73523
323 -0.135716 0.928909 -0.271433 1.85782
324 0.272863 0.931636 0.545725 1.86327
325 -0.292716 0.766823 -0.585433 1.53365
326 0.322729 0.950888 0.645457 1.90178
327 0.136712 1.17906 0.273424 2.35813
328 0.119215 1.08097 0.238429 2.16194
329 -0.212498 1.0815 -0.424996 2.16301
330 -0.654481 0.853042 -1.30896 1.70608
331 0.446095 1.19587 0.892191 2.39174
332 0.0298977 1.1036 0.0597953 2.20721
333 -0.373292 0.860433 -0.746584 1.72087
334 0.142993 1.31874 0.285985 2.63748
335 -0.18482 0.999498 -0.369639 1.999
336 0.354734 1.17783 0.709468 2.35567
337 0.00757715 0.712814 0.0151543 1.42563
338 0.143178 1.40297 0.286356 2.80594
339 0.0349111 1.27534 0.0698222 2.55067
340 0.333721 1.03709 0.667442 2.07417
341 0.0226158 0.817375 0.0452316 1.63475
342 -0.0562661 0.795588 -0.112532 1.59118
343 -0.539227 1.07233 -1.07845 2.14466
344 0.0636645 0.725538 0.127329 1.45108
345 0.0529411 0.773146 0.105882 1.54629
346 -0.358344 0.621482 -0.716688 1.24296
347 -0.259609 1.25713 -0.519218 2.51425
348 0.147807 0.944033 0.295615 1.88807
349 0.493989 0.738288 0.987977 1.47658
350 0.0784883 1.08094 0.156977 2.16188
351 0.333706 1.26022 0.667412 2.52044
352 -0.0412578 0.789421 -0.0825157 1.57884
353 -0.0766156 1.16518 -0.153231 2.33036
354 0.839514 1.02257 1.67903 2.04514
355 -0.0989164 0.909752 -0.197833 1.8195
356 0.207722 0.869991 0.415444 1.73998
357 -0.37748 1.30983 -0.75496 2.61967
358 0.0950127 0.679024 0.190025 1.35805
359 -0.10501 0.775225 -0.210021 1.55045
360 0.736854 0.832949 1.47371 1.6659
361 -0.0112084 1.25791 -0.0224169 2.51583
362 -0.92909 1.39086 -1.85818 2.78172
363 -0.0825139 0.881643 -0.165028 1.76329
364 -0.112469 0.690774 -0.224938 1.38155
365 0.213416 0.487832 0.426833 0.975664
366 0.267808 0.911953 0.535616 1.82391
367 0.11833 0.800818 0.23666 1.60164
368 -0.0397389 1.03434 -0.0794778 2.06868
369 0.142648 1.0383 0.285296 2.0766
370 0.123996 0.926489 0.247993 1.85298
371 0.316589 0.771389 0.633178 1.54278
372 0.0813899 1.17761 0.16278 2.35523
373 0.056252 0.929539 0.112504 1.85908
374 -0.238132 0.735035 -0.476263 1.47007
375 0.219396 0.957118 0.438791 1.91424
376 0.0319645 0.989646 0.0639291 1.97929
377 0.199927 0.926682 0.399855 1.85336
378 0.150471 0.86537 0.300942 1.73074
379 0.0634355 1.30115 0.126871 2.60229
380 0.593581 1.13019 1.18716 2.26039
381 0.405814 1.41834 0.811629 2.83668
382 -0.104659 1.50103 -0.209317 3.00206
383 0.354557 0.914061 0.709113 1.82812
384 -0.442846 1.02727 -0.885692 2.05455
385 0.342909 1.23543 0.685817 2.47085
386 0.228318 0.984564 0.456635 1.96913
387 0.222746 0.919855 0.445493 1.83971
388 0.617072 1.27342 1.23414 2.54684
389 0.412316 1.02991 0.824631 2.05982
390 0.0552429 1.38571 0.110486 2.77141
391 -0.261652 0.820546 -0.523303 1.64109
392 -0.21309 1.07484 -0.426179 2.14968
393 0.175201 0.968694 0.350403 1.93739
394 0.497231 0.86738 0.994462 1.73476
395 -0.210105 0.780248 -0.42021 1.5605
396 0.838795 0.70185 1.67759 1.4037
397 0.56161 1.11865 1.12322 2.23729
398 -0.259391 1.12623 -0.518781 2.25246
399 -0.202571 1.36202 -0.405142 2.72404
400 0.106672 1.4421 0.213344 2.8842
401 0.538829 0.83036 1.07766 1.66072
402 -0.0737428 0.87714 -0.147486 1.75428
403 -0.568495 1.04621 -1.13699 2.09242
404 0.219516 1.00182 0.439032 2.00364
405 -0.413663 1.04267 -0.827326 2.08534
406 0.564869 0.623492 1.12974 1.24698
407 0.139618 0.927618 0.279236 1.85524
408 -0.103243 1.02699 -0.206486 2.05397
409 0.342827 0.787832 0.685655 1.57566
410 -0.554943 1.31795 -1.10989 2.63589
411 -0.138778 0.640238 -0.277556 1.28048
412 -0.0068413 1.02355 -0.0136826 2.04711
413 -0.149286 0.929037 -0.298573 1.85807
414 0.881825 1.35788 1.76365 2.71577
415 -0.107845 0.947531 -0.215691 1.89506
416 0.367316 0.845951 0.734631 1.6919
417 -0.492333 1.3842 -0.984665 2.76839
418 -0.219331 0.864284 -0.438662 1.72857
419 0.106955 0.995086 0.213911 1.99017
420 0.302588 0.901872 0.605177 1.80374
421 0.563984 0.611492 1.12797 1.22298
422 0.123971 0.816322 0.247943 1.63264
423 -0.0201269 1.13847 -0.0402538 2.27694
424 0.482216 1.01116 0.964433 2.02232
425 -0.606476 1.0036 -1.21295 2.00721
426 0.18708 0.774406 0.37416 1.54881
427 -0.100312 0.854671 -0.200625 1.70934
428 -0.0154409 0.555169 -0.0308818 1.11034
429 -0.251017 1.21289 -0.502033 2.42579
430 -0.0610396 0.905079 -0.122079 1.81016
431 0.658181 0.840599 1.31636 1.6812
432 -0.262609 0.996199 -0.525218 1.9924
433 0.611404 0.952273 1.22281 1.90455
434 -0.0184017 0.756383 -0.0368035 1.51277
435 0.0581769 1.58323 0.116354 3.16645
436 0.00306737 0.579145 0.00613473 1.15829
437 0.523165 0.740298 1.04633 1.4806
438 -0.283852 0.828479 -0.567704 1.65696
439 -0.240728 1.04912 -0.481457 2.09823
440 -0.525486 0.725397 -1.05097 1.45079
441 -0.265888 0.941757 -0.531776 1.88351
442 0.0570584 0.715882 0.114117 1.43176
443 -0.120341 0.986848 -0.240682 1.9737
444 -0.265418 0.963024 -0.530835 1.92605
445 0.12118 1.17779 0.242361 2.35558
446 0.308696 1.10667 0.617392 2.21333
447 -0.424623 0.925824 -0.849246 1.85165
448 0.362443 0.791425 0.724886 1.58285
449 -0.12199 1.45011 -0.24398 2.90022
450 -0.209168 0.990721 -0.418335 1.98144
451 -0.687457 1.2203 -1.37491 2.44059
452 0.0229006 0.640968 0.0458011 1.28194
453 -0.218522 1.29551 -0.437044 2.59103
454 0.395677 1.09436 0.791354 2.18873
455 -0.805029 0.882586 -1.61006 1.76517
456 0.0281443 0.850982 0.0562885 1.70196
457 -0.44358 1.2964 -0.88716 2.59279
458 -0.162379 0.81843 -0.324758 1.63686
459 -0.106206 1.38226 -0.212412 2.76453
460 -0.323954 1.14576 -0.647907 2.29153
461 -0.0133952 0.577003 -0.0267905 1.15401
462 -0.280563 0.847979 -0.561125 1.69596
463 -0.233015 0.8829 -0.466029 1.7658
464 -0.43741 0.976198 -0.874821 1.9524
465 0.776938 0.88213 1.55388 1.76426
466 -0.090258 0.718271 -0.180516 1.43654
467 0.316723 0.67664 0.633445 1.35328
468 -0.117219 1.04172 -0.234439 2.08344
469 0.00672778 1.15422 0.0134556 2.30844
470 -0.0569869 0.811776 -0.113974 1.62355
471 -0.356437 1.0453 -0.712875 2.09061
472 0.747176 0.786897 1.49435 1.57379
473 0.312169 1.19905 0.624337 2.39811
474 0.171562 0.85105 0.343124 1.7021
475 -0.149311 0.839798 -0.298622 1.6796
476 -0.380045 0.878713 -0.76009 1.75743
477 -0.589233 0.876905 -1.17847 1.75381
478 0.354962 1.08104 0.709924 2.16208
479 0.0737696 0.472765 0.147539 0.94553
480 -0.168377 1.11243 -0.336754 2.22486
481 -0.168506 0.931563 -0.337012 1.86313
482 -0.34994 0.732636 -0.69988 1.46527
483 -0.042476 0.878492 -0.0849519 1.75698
484 -0.0225384 0.833607 -0.0450767 1.66721
485 -0.452848 1.25048 -0.905695 2.50096
486 -0.379384 1.06695 -0.758767 2.13391
487 -0.365025 0.702989 -0.73005 1.40598
488 -0.130914 1.54695 -0.261829 3.0939
489 -0.109845 0.817953 -0.21969 1.63591
490 -0.337067 0.889857 -0.674133 1.77971
491 0.185115 1.03279 0.370231 2.06559
492 -0.261725 0.839574 -0.52345 1.67915
493 -0.325016 0.622188 -0.650032 1.24438
494 -0.302449 0.830342 -0.604897 1.66068
495 -0.500858 1.10319 -1.00172 2.20639
496 0.0419182 0.770453 0.0838364 1.54091
497 0.579493 0.999641 1.15899 1.99928
498 0.0711821 0.640844 0.142364 1.28169
499 0.264895 1.08911 0.52979 2.17821
500 0.0458968 1.05857 0.0917936 2.11715
501 -0.171878 0.843051 -0.343756 1.6861
502 -0.271528 0.955554 -0.543056 1.91111
503 0.0159238 1.16533 0.0318476 2.33067
504 -0.064678 0.963567 -0.129356 1.92713
505 0.403162 1.12522 0.806325 2.25045
506 0.267084 0.800957 0.534167 1.60191
507 -0.279249 0.851469 -0.558498 1.70294
508 -0.278756 1.83438 -0.557512 3.66876
509 0.0970305 0.887389 0.194061 1.77478
510 0.0445858 0.946417 0.0891717 1.89283
511 -0.241259 0.653817 -0.482519 1.30763
512 -0.220332 0.800762 -0.440664 1.60152
513 0.208457 1.05267 0.416914 2.10533
514 -0.124334 1.1943 -0.248668 2.3886
515 0.094139 0.744243 0.188278 1.48849
516 0.254878 0.98425 0.509756 1.9685
517 0.0353457 0.573506 0.0706914 1.14701
518 0.133001 1.06405 0.266001 2.12809
519 -0.376631 1.03117 -0.753261 2.06234
520 -0.0922301 0.989844 -0.18446 1.97969
521 -0.617664 1.01041 -1.23533 2.02082
522 0.164702 0.910908 0.329404 1.82182
523 -0.239074 0.820425 -0.478148 1.64085
524 -0.0879148 0.987681 -0.17583 1.97536
525 0.0795624 1.01656 0.159125 2.03312
526 0.29053 1.21997 0.58106 2.43994
527 0.208692 1.01191 0.417384 2.02383
528 0.0833779 0.866958 0.166756 1.73392
529 0.525139 1.03711 1.05028 2.07421
530 -0.356037 0.806926 -0.712073 1.61385
531 0.277153 0.753206 0.554306 1.50641
532 0.0559316 0.890151 0.111863 1.7803
533 -0.242234 1.27333 -0.484468 2.54666
534 0.129277 0.850516 0.258554 1.70103
535 -0.345853 1.49343 -0.691706 2.98686
536 -0.123117 0.660464 -0.246233 1.32093
537 -0.00230822 1.45177 -0.00461645 2.90355
538 -0.195155 1.35593 -0.39031 2.71186
539 0.39979 0.788682 0.79958 1.57736
540 0.116133 0.865962 0.232267 1.73192
541 -0.254377 0.910145 -0.508755 1.82029
542 -0.241346 0.980866 -0.482692 1.96173
543 -0.0797998 0.99989 -0.1596 1.99978
544 0.334368 1.24753 0.668736 2.49505
545 -0.56519 0.899093 -1.13038 1.79819
546 -0.142093 1.01933 -0.284186 2.03867
547 0.0677941 0.984808 0.135588 1.96962
548 -0.0748712 1.06988 -0.149742 2.13976
549 0.616854 1.10844 1.23371 2.21687
550 -0.162042 0.968469 -0.324084 1.93694
551 -0.00585021 1.11552 -0.0117004 2.23105
552 0.351613 0.646419 0.703225 1.29284
553 -0.418991 0.993178 -0.837981 1.98636
554 -0.147473 0.906482 -0.294946 1.81296
555 0.192015 1.15342 0.384029 2.30683
556 0.0858033 0.977882 0.171607 1.95576
557 0.211718 0.737956 0.423436 1.47591
558 0.309294 0.936191 0.618589 1.87238
559 0.0910812 0.812876 0.182162 1.62575
560 -0.19831 1.11109 -0.396619 2.22219
561 0.0620597 1.13893 0.124119 2.27786
562 0.205834 0.846033 0.411669 1.69207
563 -0.463939 0.854644 -0.927878 1.70929
564 0.649174 0.55614 1.29835 1.11228
565 0.541431 1.02404 1.08286 2.04809
566 0.0154016 0.891231 0.0308032 1.78246
567 -0.513432 1.09975 -1.02686 2.1995
568 -0.111906 0.782964 -0.223811 1.56593
569 0.120364 1.56765 0.240729 3.1353
570 0.20368 1.10737 0.40736 2.21473
571 -0.220642 0.756186 -0.441283 1.51237
572 -0.158844 1.19988 -0.317689 2.39976
573 -0.619294 0.673454 -1.23859 1.34691
574 -0.377614 0.928702 -0.755229 1.8574
575 0.250574 0.736097 0.501149 1.47219
576 0.527034 1.25786 1.05407 2.51573
577 0.166936 0.712001 0.333872 1.424
578 -0.467299 0.951459 -0.934598 1.90292
579 -0.173565 0.968259 -0.347129 1.93652
580 -0.191739 0.989437 -0.383478 1.97887
581 0.11687 0.917589 0.233739 1.83518
582 0.200547 0.790972 0.401093 1.58194
583 -0.152176 0.662353 -0.304352 1.32471
584 0.330358 0.722926 0.660716 1.44585
585 0.654242 1.16501 1.30848 2.33002
586 -0.0642874 1.23998 -0.128575 2.47995
587 -0.0960225 0.882564 -0.192045 1.76513
588 -0.763584 0.776163 -1.52717 1.55233
589 -0.226508 0.641507 -0.453016 1.28301
590 -0.280605 1.27999 -0.56121 2.55998
591 0.398858 0.869153 0.797716 1.73831
592 0.0465236 1.0628 0.0930472 2.12559
593 0.118872 0.827497 0.237744 1.65499
594 -0.259893 0.566715 -0.519785 1.13343
595 0.168827 1.16455 0.337655 2.3291
596 0.215903 1.01426 0.431806 2.02853
597 0.33915 1.24859 0.6783 2.49719
598 0.671795 0.968439 1.34359 1.93688
599 -0.0547827 0.890515 -0.109565 1.78103
600 0.120591 0.581495 0.241182 1.16299
601 0.56693 1.30025 1.13386 2.60051
602 -0.187894 0.968374 -0.375787 1.93675
603 0.220342 0.715145 0.440684 1.43029
604 0.0986854 0.933724 0.197371 1.86745
605 0.253832 0.958358 0.507664 1.91672
606 0.273033 0.856359 0.546067 1.71272
607 -0.273035 1.80812 -0.54607 3.61623
608 0.284657 0.874466 0.569314 1.74893
609 0.361092 0.960861 0.722184 1.92172
610 -0.162362 1.07056 -0.324724 2.14112
611 -0.197619 0.464812 -0.395238 0.929624
612 0.367817 1.14308 0.735634 2.28617
613 0.498005 0.772861 0.996009 1.54572
614 -0.603703 0.9931 -1.20741 1.9862
615 0.168905 1.06041 0.33781 2.12083
616 0.0952389 0.821658 0.190478 1.64332
617 -0.747195 0.761529 -1.49439 1.52306
618 -0.305552 1.0206 -0.611104 2.0412
619 -0.323901 0.841078 -0.647801 1.68216
620 0.0704258 1.03497 0.140852 2.06994
621 -0.264351 0.931836 -0.528702 1.86367
622 0.278467 1.0981 0.556935 2.19621
623 -0.0161426 1.00336 -0.0322853 2.00671
624 0.151738 1.16114 0.303477 2.32227
625 -0.0446831 1.00529 -0.0893662 2.01057
626 -0.245999 1.11617 -0.491997 2.23234
627 -0.0676097 1.02301 -0.135219 2.04601
628 0.0411494 1.41937 0.0822989 2.83874
629 0.290018 0.555734 0.580036 1.11147
630 0.353666 1.3064 0.707332 2.61281
631 -0.0878005 0.99184 -0.175601 1.98368
632 -0.0124281 1.06006 -0.0248563 2.12012
633 0.494276 1.11921 0.988552 2.23843
634 -0.0804126 1.19177 -0.160825 2.38354
635 0.158546 1.22108 0.317092 2.44215
636 0.0939065 0.800623 0.187813 1.60125
637 0.218264 1.04849 0.436529 2.09698
638 0.123195 0.71093 0.24639 1.42186
639 -0.153901 0.976541 -0.307802 1.95308
640 0.309314 1.25514 0.618629 2.51029
641 0.371525 1.1417 0.743051 2.28339
642 0.0155521 0.817939 0.0311041 1.63588
643 0.136933 1.18772 0.273866 2.37544
644 -0.0358295 1.03162 -0.071659 2.06325
645 0.0559322 1.08309 0.111864 2.16618
646 0.143812 0.811159 0.287624 1.62232
647 0.00525978 0.936459 0.0105196 1.87292
648 -0.316339 0.611115 -0.632679 1.22223
649 -0.334732 0.863431 -0.669463 1.72686
650 -0.134147 0.99504 -0.268294 1.99008
651 0.315224 1.10561 0.630447 2.21122
652 0.647844 1.3984 1.29569 2.7968
653 -0.549105 0.627673 -1.09821 1.25535
654 -0.259556 1.39494 -0.519111 2.78989
655 -0.209633 1.11866 -0.419266 2.23732
656 -0.342083 0.939846 -0.684167 1.87969
657 -0.317222 1.16461 -0.634445 2.32923
658 0.126952 0.9692 0.253904 1.9384
659 -0.0804959 0.867059 -0.160992 1.73412
660 0.361653 0.848334 0.723305 1.69667
661 -0.0948397 1.34757 -0.189679 2.69513
662 -0.444973 0.985115 -0.889945 1.97023
663 0.140527 0.864018 0.281054 1.72804
664 -0.115462 1.18495 -0.230924 2.36991
665 -0.403152 0.815614 -0.806303 1.63123
666 0.363115 1.04418 0.726231 2.08836
667 -0.0267658 0.78172 -0.0535316 1.56344
668 0.500219 0.665953 1.00044 1.33191
669 0.000149407 1.24779 0.000298814 2.49558
670 -0.0442044 0.813678 -0.0884088 1.62736
671 0.18966 0.581292 0.379319 1.16258
672 -0.152758 0.858511 -0.305516 1.71702
673 0.106523 0.987105 0.213046 1.97421
674 -0.309181 0.503124 -0.618361 1.00625
675 0.245012 0.742757 0.490023 1.48551
676 -0.00494985 1.307 -0.00989969 2.61401
677 -0.262893 0.773232 -0.525786 1.54646
678 0.241354 0.769663 0.482708 1.53933
679 -0.377152 0.993986 -0.754303 1.98797
680 -0.173511 1.06988 -0.347022 2.13976
681 0.721492 1.01151 1.44298 2.02301
682 -0.196465 1.05916 -0.39293 2.11832
683 0.151625 1.02421 0.30325 2.04842
684 0.377126 1.57287 0.754252 3.14574
685 -0.280828 0.795455 -0.561656 1.59091
686 -0.244054 0.952867 -0.488107 1.90573
687 0.247925 1.11581 0.495851 2.23163
688 -0.174931 0.997887 -0.349861 1.99577
689 0.227309 0.862552 0.454619 1.7251
690 -0.450008 0.908135 -0.900015 1.81627
691 0.14379 1.03896 0.28758 2.07792
692 0.138885 1.14025 0.27777 2.2805
693 -0.275915 1.45247 -0.551829 2.90494
694 -0.00411873 1.0244 -0.00823746 2.0488
695 -0.26534 0.552058 -0.53068 1.10412
696 0.140353 0.802636 0.280706 1.60527
697 -0.330888 1.16245 -0.661777 2.32491
698 0.00923534 0.953615 0.0184707 1.90723
699 0.0310464 0.836595 0.0620928 1.67319
700 -0.416956 0.683597 -0.833912 1.36719
701 0.34565 0.715143 0.691299 1.43029
702 0.0236539 0.957371 0.0473079 1.91474
703 -0.108039 1.29449 -0.216078 2.58898
704 0.227375 0.730392 0.45475 1.46078
705 0.901772 0.561595 1.80354 1.12319
706 0.2987 0.812818 0.5974 1.62564
707 -0.0670155 0.922352 -0.134031 1.8447
708 -0.0970074 0.662141 -0.194015 1.32428
709 -0.0698615 0.730396 -0.139723 1.46079
710 -0.0731236 0.959307 -0.146247 1.91861
711 -0.437812 1.32453 -0.875624 2.64906
712 -0.413771 1.19352 -0.827543 2.38704
713 -0.421585 1.12194 -0.84317 2.24388
714 0.371545 1.21857 0.743091 2.43715
715 0.244853 0.734973 0.489705 1.46995
716 -0.191429 1.17679 -0.382859 2.35358
717 0.295294 0.833208 0.590589 1.66642
718 -0.22453 0.973876 -0.449059 1.94775
719 -0.137682 0.903525 -0.275364 1.80705
720 -0.0094429 0.941043 -0.0188858 1.88209
721 -0.101574 0.701116 -0.203147 1.40223
722 0.312888 0.777759 0.625777 1.55552
723 -0.656864 1.11249 -1.31373 2.22499
724 -0.243855 0.740928 -0.487709 1.48186
725 -0.0352952 1.20712 -0.0705904 2.41424
726 -0.335746 0.913376 -0.671493 1.82675
727 -0.00970709 0.71659 -0.0194142 1.43318
728 0.275936 0.746776 0.551872 1.49355
729 -0.0779342 0.743787 -0.155868 1.48757
730 -0.281574 0.464238 -0.563148 0.928475
731 -0.202876 1.11724 -0.405753 2.23447
732 -0.269836 0.958534 -0.539672 1.91707
733 -0.101118 0.952887 -0.202235 1.90577
734 0.0720399 1.0305 0.14408 2.06101
735 0.394233 0.73914 0.788467 1.47828
736 0.49265 1.06036 0.9853 2.12072
737 0.503128 1.30114 1.00626 2.60228
738 -0.279102 0.828682 -0.558204 1.65736
739 -0.031613 1.17549 -0.063226 2.35097
740 -0.10423 0.887935 -0.20846 1.77587
741 0.216366 0.571642 0.432733 1.14328
742 0.274589 0.889036 0.549178 1.77807
743 -0.344382 0.731085 -0.688763 1.46217
744 -0.133257 0.758803 -0.266515 1.51761
745 0.714569 0.90511 1.42914 1.81022
746 -0.349058 0.864005 -0.698115 1.72801
747 -0.722474 0.793089 -1.44495 1.58618
748 0.0294543 0.636405 0.0589086 1.27281
749 -0.0306412 1.03328 -0.0612823 2.06656
750 -0.14165 0.775949 -0.283299 1.5519
751 -0.187174 0.704078 -0.374349 1.40816
752 -0.00974578 0.552033 -0.0194916 1.10407
753 0.264946 0.850151 0.529892 1.7003
754 0.381743 1.02766 0.763487 2.05531
755 0.713133 0.738361 1.42627 1.47672
756 -0.163662 0.806221 -0.327323 1.61244
757 0.276743 0.558065 0.553486 1.11613
758 0.110988 1.13727 0.221975 2.27454
759 0.114871 0.736806 0.229743 1.47361
760 0.331977 1.32985 0.663954 2.65971
761 0.310202 1.10784 0.620405 2.21567
762 0.263015 0.897378 0.52603 1.79476
763 -0.22943 0.931699 -0.458859 1.8634
764 0.0874483 0.997554 0.174897 1.99511
765 -0.210557 0.774791 -0.421113 1.54958
766 0.181338 1.17357 0.362675 2.34714
767 -0.293551 1.18875 -0.587101 2.37751
768 0.065574 0.925235 0.131148 1.85047
769 0.289463 0.550854 0.578925 1.10171
770 0.510048 1.1141 1.0201 2.22821
771 -0.367829 0.921069 -0.735657 1.84214
772 0.176015 1.55922 0.35203 3.11845
773 0.492481 1.14329 0.984962 2.28659
774 -0.182659 1.46444 -0.365318 2.92888
775 0.0397837 0.652253 0.0795675 1.30451
776 -0.339096 0.964925 -0.678192 1.92985
777 0.262304 0.837513 0.524608 1.67503
778 -0.493887 1.00398 -0.987773 2.00796
779 0.184193 1.16129 0.368385 2.32257
780 -0.108102 0.866285 -0.216205 1.73257
781 0.00536679 1.09062 0.0107336 2.18124
782 0.296865 0.667696 0.593729 1.33539
783 -0.0969267 1.11145 -0.193853 2.22291
784 0.429984 0.607788 0.859969 1.21558
785 -0.596418 0.812465 -1.19284 1.62493
786 0.127294 1.50916 0.254588 3.01833
787 0.190562 0.615296 0.381124 1.23059
788 -0.113728 0.746959 -0.227456 1.49392
789 -0.328653 0.821243 -0.657305 1.64249
790 0.164276 1.18794 0.328553 2.37589
791 0.341352 1.62577 0.682704 3.25153
792 -0.121348 0.838174 -0.242695 1.67635
793 0.178135 1.45217 0.35627 2.90435
794 0.359281 0.802848 0.718563 1.6057
795 0.0574805 1.03459 0.114961 2.06918
796 0.174929 0.9603 0.349859 1.9206
797 -0.61446 0.817659 -1.22892 1.63532
798 -0.192753 0.84141 -0.385505 1.68282
799 0.153614 0.881048 0.307227 1.7621
800 -0.0150861 1.10996 -0.0301722 2.21993
801 0.199937 1.03051 0.399873 2.06102
802 0.117935 1.02952 0.235869 2.05905
803 0.193764 0.887564 0.387527 1.77513
804 0.457202 1.50828 0.914404 3.01655
805 0.0359625 0.937761 0.071925 1.87552
806 -0.75896 0.997569 -1.51792 1.99514
807 -0.55301 0.316339 -1.10602 0.632678
808 0.112202 0.680542 0.224404 1.36108
809 0.0187124 0.987686 0.0374248 1.97537
810 -0.221231 0.980137 -0.442462 1.96027
811 0.0258556 1.07367 0.0517112 2.14734
812 0.348648 1.15459 0.697295 2.30918
813 -0.839865 1.14339 -1.67973 2.28678
814 -0.0819138 1.07152 -0.163828 2.14305
815 -0.20524 1.23012 -0.410479 2.46025
816 0.493956 0.705565 0.987911 1.41113
817 -0.0927646 1.28618 -0.185529 2.57236
818 -0.0786049 1.38293 -0.15721 2.76587
819 0.47155 0.549619 0.943099 1.09924
820 -0.304777 1.27431 -0.609555 2.54862
821 -0.340807 0.66056 -0.681613 1.32112
822 0.046338 0.971721 0.0926761 1.94344
823 0.344036 0.978832 0.688072 1.95766
824 0.0176563 1.11935 0.0353125 2.23871
825 0.445338 0.92207 0.890675 1.84414
826 -0.414391 0.943783 -0.828782 1.88757
827 -0.673728 1.02999 -1.34746 2.05997
828 0.0958605 0.687415 0.191721 1.37483
829 0.278752 0.903245 0.557505 1.80649
830 0.376979 1.23631 0.753959 2.47262
831 0.282124 1.08715 0.564249 2.17431
832 0.377555 0.959312 0.755109 1.91862
833 -0.780802 0.850903 -1.5616 1.70181
834 0.2418 0.819617 0.483601 1.63923
835 0.296424 0.909376 0.592847 1.81875
836 0.418277 0.8174 0.836553 1.6348
837 0.386817 1.09681 0.773635 2.19362
838 -0.631143 1.07257 -1.26229 2.14513
839 -0.271527 0.927986 -0.543055 1.85597
840 0.224266 0.844548 0.448532 1.6891
841 0.0912461 0.609966 0.182492 1.21993
842 0.0874075 1.33565 0.174815 2.6713
843 0.271314 0.666141 0.542629 1.33228
844 -0.859455 1.09027 -1.71891 2.18054
845 0.0709297 0.677334 0.141859 1.35467
846 0.0722661 0.87793 0.144532 1.75586
847 0.532344 1.09241 1.06469 2.18481
848 -0.0273527 0.917635 -0.0547055 1.83527
849 -0.0397814 1.04908 -0.0795629 2.09815
850 0.207395 0.806746 0.414791 1.61349
851 0.339751 1.02542 0.679503 2.05085
852 0.0424482 0.902957 0.0848965 1.80591
853 -0.495703 1.07675 -0.991406 2.1535
854 -0.0501727 1.21473 -0.100345 2.42945
855 0.0471125 1.09741 0.0942249 2.19482
856 -0.144291 0.946336 -0.288581 1.89267
857 0.577392 1.24834 1.15478 2.49668
858 0.238507 1.0813 0.477014 2.1626
859 -0.181152 1.15037 -0.362303 2.30074
860 -0.309026 1.04611 -0.618052 2.09221
861 -0.459191 1.06899 -0.918382 2.13798
862 0.0881375 0.981195 0.176275 1.96239
863 0.0555416 1.04503 0.111083 2.09006
864 -0.0362556 0.878742 -0.0725112 1.75748
865 -0.421924 1.56682 -0.843849 3.13365
866 0.302381 0.64278 0.604762 1.28556
867 0.0506685 0.772026 0.101337 1.54405
868 0.0804786 0.959787 0.160957 1.91957
869 0.0257871 1.48095 0.0515741 2.9619
870 -0.146376 0.953385 -0.292752 1.90677
871 -0.0600743 0.915621 -0.120149 1.83124
872 -0.593285 0.866647 -1.18657 1.73329
873 -0.247467 1.27905 -0.494935 2.55811
874 -0.621219 0.768895 -1.24244 1.53779
875 0.320636 0.898626 0.641272 1.79725
876 -0.379893 0.854002 -0.759787 1.708
877 -0.106199 1.05697 -0.212398 2.11393
878 -0.126336 0.750377 -0.252673 1.50075
879 -0.895602 0.601049 -1.7912 1.2021
880 0.220751 1.10887 0.441502 2.21773
881 0.593745 0.812531 1.18749 1.62506
882 -0.262086 0.953402 -0.524173 1.9068
883 -0.601209 1.48975 -1.20242 2.97951
884 0.494152 0.778754 0.988303 1.55751
885 0.0251789 1.24036 0.0503577 2.48072
886 -0.0288438 1.01837 -0.0576877 2.03674
887 -0.0155682 0.992836 -0.0311365 1.98567
888 -0.335898 0.827817 -0.671796 1.65563
889 0.531583 0.596588 1.06317 1.19318
890 -0.230147 0.845299 -0.460294 1.6906
891 -0.00541461 1.18743 -0.0108292 2.37487
892 0.550864 0.633024 1.10173 1.26605
893 -0.186057 1.25511 -0.372113 2.51023
894 -0.0858292 0.857183 -0.171658 1.71437
895 -0.1937 1.05738 -0.387399 2.11477
896 -0.294869 0.849355 -0.589738 1.69871
897 -0.390349 1.09361 -0.780697 2.18722
898 -0.0064052 0.581898 -0.0128104 1.1638
899 0.285957 1.22666 0.571914 2.45332
900 0.0408476 1.26083 0.0816953 2.52165
901 -0.101149 1.06949 -0.202298 2.13899
902 0.198832 1.20256 0.397664 2.40513
903 -0.740085 0.646617 -1.48017 1.29323
904 -0.130289 1.20993 -0.260577 2.41986
905 0.0828804 1.97874 0.165761 3.95747
906 -0.0133321 1.17679 -0.0266642 2.35359
907 0.36353 1.00881 0.72706 2.01761
908 0.606438 0.683901 1.21288 1.3678
909 -0.185619 0.731471 -0.371238 1.46294
910 -0.0626971 0.934167 -0.125394 1.86833
911 0.292035 1.32794 0.584071 2.65588
912 -0.4649 0.971459 -0.9298 1.94292
913 -0.480197 0.642236 -0.960394 1.28447
914 -0.156498 0.531268 -0.312997 1.06254
915 -0.0496798 0.785499 -0.0993596 1.571
916 0.11171 0.836358 0.223419 1.67272
917 -0.549221 0.992477 -1.09844 1.98495
918 -0.191901 0.753265 -0.383801 1.50653
919 0.0685994 1.3166 0.137199 2.6332
920 0.125558 0.924498 0.251115 1.849
921 -0.0279361 0.667678 -0.0558723 1.33536
922 0.245824 1.13929 0.491647 2.27859
923 0.099144 0.976474 0.198288 1.95295
924 0.406534 0.673931 0.813068 1.34786
925 0.183055 0.669823 0.366111 1.33965
926 -0.24088 0.771271 -0.481761 1.54254
927 0.435551 1.20099 0.871103 2.40197
928 -0.138686 0.871946 -0.277371 1.74389
929 -0.21387 1.15985 -0.42774 2.31969
930 -0.400997 1.00632 -0.801993 2.01264
931 0.155568 1.47423 0.311136 2.94846
932 0.576104 0.863016 1.15221 1.72603
933 0.132214 1.11505 0.264428 2.2301
934 -0.290953 0.788854 -0.581905 1.57771
935 0.209514 0.967169 0.419028 1.93434
936 -0.0568271 1.4372 -0.113654 2.8744
937 -0.754488 0.96305 -1.50898 1.9261
938 0.174144 1.01046 0.348289 2.02091
939 -0.0377238 0.882612 -0.0754476 1.76522
940 -0.271344 0.698685 -0.542689 1.39737
941 0.0215675 1.19759 0.043135 2.39518
942 0.0522947 0.86425 0.104589 1.7285
943 0.427908 0.754217 0.855815 1.50843
944 -0.235053 0.912984 -0.470106 1.82597
945 0.120716 1.07253 0.241433 2.14505
946 0.0475064 0.59059 0.0950128 1.18118
947 0.184945 0.878054 0.36989 1.75611
948 0.34677 0.977317 0.693539 1.95463
949 -0.0563361 0.995349 -0.112672 1.9907
950 -0.196976 0.585158 -0.393952 1.17032
951 -0.0300962 0.87395 -0.0601924 1.7479
952 -0.471003 0.739352 -0.942006 1.4787
953 0.31129 0.937141 0.62258 1.87428
954 -0.538234 1.12834 -1.07647 2.25667
955 0.289682 0.931298 0.579365 1.8626
956 0.2695 1.07076 0.539001 2.14152
957 0.43259 1.38811 0.86518 2.77623
958 -0.202528 1.2105 -0.405056 2.421
959 0.284245 0.902259 0.56849 1.80452
960 0.195669 1.4112 0.391337 2.82239
961 0.386384 0.757752 0.772767 1.5155
962 -0.194802 0.857647 -0.389604 1.71529
963 -0.073442 0.934302 -0.146884 1.8686
964 0.149533 0.421125 0.299066 0.84225
965 -0.527568 0.939664 -1.05514 1.87933
966 0.232361 0.966093 0.464721 1.93219
967 -0.222833 1.13918 -0.445666 2.27836
968 0.0107165 1.07433 0.021433 2.14866
969 -0.495566 0.72906 -0.991133 1.45812
970 -0.121884 0.88998 -0.243768 1.77996
971 0.0755005 0.919871 0.151001 1.83974
972 -0.675311 1.43947 -1.35062 2.87893
973 -0.173617 0.604445 -0.347234 1.20889
974 0.208081 0.547258 0.416163 1.09452
975 0.141975 1.49178 0.283951 2.98356
976 0.211594 0.606259 0.423187 1.21252
977 -0.113563 1.06901 -0.227126 2.13803
978 -0.386138 1.24653 -0.772276 2.49307
979 -0.519871 0.782622 -1.03974 1.56524
980 0.433845 1.08893 0.867689 2.17785
981 -0.0823929 0.723715 -0.164786 1.44743
982 0.0965089 0.4554 0.193018 0.910799
983 0.418752 0.70794 0.837503 1.41588
984 0.218549 0.623526 0.437097 1.24705
985 0.619409 1.11487 1.23882 2.22973
986 -0.48595 0.906504 -0.971901 1.81301
987 -0.410214 1.07991 -0.820429 2.15981
988 0.0175267 0.82732 0.0350535 1.65464
989 0.178164 0.931702 0.356328 1.8634
990 0.106063 1.06744 0.212125 2.13488
991 0.603316 1.09893 1.20663 2.19785
992 0.118377 1.0866 0.236755 2.1732
993 0.251408 1.43658 0.502817 2.87317
994 -0.507638 1.3275 -1.01528 2.65501
995 0.188523 1.05414 0.377046 2.10827
996 0.360646 0.993266 0.721292 1.98653
997 0.418142 0.771989 0.836284 1.54398
998 0.36758 1.19412 0.73516 2.38824
999 -0.135663 1.28021 -0.271327 2.56043
